-0.233572 -0.400591 3.539489 0.857004 0.008528
-0.096152 -0.486083 3.540336 0.478886 0.023809
-0.230409 -0.400591 3.539695 0.857004 0.008528
-0.096152 0.486083 3.540336 0.478886 0.023809
-0.233572 0.400591 3.539489 0.857004 0.008528
-0.073544 -0.374764 3.721623 0.704095 0.283756
-0.230409 0.400591 3.539694 0.857004 0.008528
-0.232509 0.400822 3.539548 0.105543 0.038898
-0.232509 -0.400822 3.539549 0.857019 0.008527
-0.148161 0.450684 3.587984 0.609610 0.075233
-0.148161 -0.450684 3.587984 0.609610 0.075233
0.108038 -0.000000 2.878886 0.313730 0.098668
0.030659 -0.277482 2.914827 0.086897 0.016146
0.030659 0.277482 2.914827 0.540562 0.016146
0.203828 0.330074 3.014207 0.605990 0.072007
0.203828 -0.330074 3.014207 0.021470 0.072007
0.203828 -0.000000 3.014207 0.813730 0.072007
0.203828 -0.000000 3.014207 -0.186270 0.072007
0.062076 -0.251710 2.905079 0.110187 0.043780
0.187997 0.306390 2.983483 0.586164 0.097165
0.252425 -0.338086 3.077983 -0.004499 1.695827
-0.076663 -0.419677 2.843476 0.086897 0.016147
0.195350 0.301971 2.998979 0.588789 0.105641
0.045763 -0.456307 2.918149 0.092389 0.011458
-0.128500 -0.587494 2.969570 0.086897 0.016147
0.954639 0.145246 3.267467 0.199245 0.895260
1.043774 -0.000000 3.297178 0.335879 1.005304
0.956600 -0.094584 3.099433 0.692412 0.900604
0.954639 -0.145246 3.267466 0.486548 0.902653
0.203828 -0.000000 3.014207 0.836864 0.003096
0.956600 0.094584 3.099433 0.014793 0.895790
0.987576 -0.000000 3.101872 -0.127615 0.935009
0.248031 0.281376 3.320467 0.190045 0.054031
0.248031 -0.281376 3.320467 0.508588 0.068353
0.203828 0.330074 3.014207 0.034216 -0.005305
0.203828 -0.330074 3.014207 0.657452 0.011497
0.203828 -0.000000 3.014207 -0.163136 0.003096
0.987576 -0.000000 3.101872 0.872385 0.935009
0.368607 -0.000000 3.478928 0.349630 0.207226
0.187997 0.306390 2.983483 0.035232 -0.005348
0.252425 -0.338086 3.077983 0.625677 0.063935
0.407623 0.075352 3.454266 0.308582 0.245920
0.195350 0.301971 2.998979 0.035647 -0.005365
0.045763 -0.456307 2.918149 0.657452 0.011497
-0.128500 -0.587494 2.969570 0.657452 0.011497
0.040202 0.232691 3.628590 0.424444 0.279045
0.039199 -0.343472 2.967157 0.657452 0.011497
-0.251474 -0.062353 2.937653 0.843267 0.002796
-0.237605 -0.428309 2.904486 0.176405 0.107861
0.030659 -0.277482 2.914827 0.353799 0.082884
-0.237605 0.428309 2.904486 -0.173122 0.107861
-0.593287 -0.003446 2.915587 0.003234 0.175901
0.030659 0.277482 2.914827 0.649484 0.082884
-0.096152 0.486083 3.540336 0.775475 0.802074
-0.073544 0.374764 3.721623 0.772773 1.000000
0.368607 -0.000000 3.478928 0.501642 0.735030
0.007938 0.523150 2.805693 0.741351 0.000000
0.248031 0.281376 3.320467 0.626700 0.562023
-0.456624 0.594625 3.222222 -0.169710 0.454760
-0.534056 -0.000000 3.240489 0.001642 0.389883
-0.408157 -0.000000 3.569647 0.001642 0.834075
-0.233572 0.400591 3.539489 -0.169998 0.801149
-0.096152 -0.486083 3.540336 0.227808 0.802074
0.248031 -0.281376 3.320467 0.376583 0.562023
-0.073544 -0.374764 3.721623 0.230510 1.000000
-0.456624 -0.594625 3.222222 0.172993 0.454760
0.007938 -0.523150 2.805693 0.261932 0.000000
-0.230409 0.400591 3.539694 1.004949 0.997980
0.013802 0.749937 3.142858 0.743179 0.368112
0.203828 0.330074 3.014207 0.652967 0.227653
0.013802 -0.749937 3.142858 0.260104 0.368112
-0.230409 -0.400591 3.539695 0.079863 0.997983
0.203828 -0.330074 3.014207 0.350316 0.227653
-0.237605 -0.428309 2.904486 0.541199 -0.032471
-0.237605 0.428309 2.904486 0.826878 0.107861
0.007938 0.523150 2.805693 0.465780 -0.248005
-0.456624 0.594625 3.222222 0.830290 0.454760
-0.456624 -0.594625 3.222222 -0.053919 -0.000000
0.007938 -0.523150 2.805693 0.465780 -0.248005
0.030659 -0.277482 2.914827 0.458801 -0.009910
-0.237605 0.428309 2.904486 0.541199 -0.032471
0.030659 0.277482 2.914827 0.458801 -0.009910
-0.456624 0.594625 3.222222 1.138731 -0.000000
-0.096152 0.486083 3.540336 0.926280 1.000000
-0.096152 -0.486083 3.540336 0.158532 1.000000
-0.233572 -0.400591 3.539489 0.173281 0.801149
-0.232509 0.400822 3.539548 -0.169998 0.801149
-0.232509 -0.400822 3.539549 0.173281 0.801149
0.062076 -0.251710 2.905079 0.347324 0.352030
0.001341 -0.514866 2.806795 0.467578 -0.238330
0.000954 0.514868 2.806642 0.467684 -0.238253
-0.514552 0.534061 3.225543 -0.150371 0.442583
0.187997 0.306390 2.983483 0.647056 -0.018015
0.252425 -0.338086 3.077983 0.392687 0.767033
0.407623 0.075352 3.454266 0.712493 0.443337
-0.234662 -0.750687 3.257677 0.217179 0.434745
0.040486 0.616727 2.881961 0.741202 -0.029977
-0.586210 0.408650 3.117045 0.077960 0.055409
-0.148161 0.450684 3.587984 0.914076 1.000313
-0.148161 -0.450684 3.587984 0.050960 0.997242
-0.076663 -0.419677 2.843476 0.490189 -0.115305
-0.250960 0.000000 3.715849 -0.302897 0.775655
0.195350 0.301971 2.998979 0.646692 -0.033180
0.045763 -0.456307 2.918149 0.292597 0.109085
-0.415697 0.542263 3.055212 -0.165411 0.317379
-0.128500 -0.587494 2.969570 0.218397 0.196350
0.040202 0.232691 3.628590 0.686119 0.911166
-0.239423 -0.333112 3.718215 0.230510 1.000000
0.039199 -0.343472 2.967157 0.339363 0.106031
-0.251474 -0.062353 2.937653 0.223859 0.089216
-0.075360 -0.000000 3.721506 0.500000 0.908973
-0.096152 0.486083 3.540336 0.000000 0.086149
-0.073544 0.374764 3.721623 -0.000000 0.912615
0.368607 -0.000000 3.478928 0.526394 -0.000490
-0.408157 -0.000000 3.569647 0.500000 0.241474
-0.233572 0.400591 3.539489 0.087939 0.609802
-0.075360 -0.000000 3.721506 0.506935 0.630245
-0.073544 -0.374764 3.721623 0.039420 0.610036
-0.233572 -0.400591 3.539489 0.912060 0.609802
-0.230409 0.400591 3.539694 0.857004 0.008528
-0.073544 0.374764 3.721623 0.114506 0.000000
-0.233572 0.400591 3.539489 -0.034457 0.591643
-0.096152 -0.486083 3.540336 1.000000 0.086150
-0.073544 -0.374764 3.721623 0.885494 0.000000
-0.233572 -0.400591 3.539489 1.034457 0.591642
-0.073544 0.374764 3.721623 0.974608 0.645295
-0.073544 -0.374764 3.721623 1.000000 0.912615
-0.073544 0.374764 3.721623 0.704095 0.283756
-0.096152 -0.486083 3.540336 0.522219 0.024015
-0.073544 -0.374764 3.721623 0.295906 0.283756
-0.233572 -0.400591 3.539489 0.142640 0.008604
-0.096152 0.486083 3.540336 0.478886 0.023809
-0.233572 0.400591 3.539489 0.857004 0.008528
-0.232509 0.400822 3.539548 0.087485 0.606253
-0.232509 -0.400822 3.539549 0.912515 0.606252
0.407623 0.075352 3.454266 1.411535 1.274818
-0.148161 0.450684 3.587984 0.610266 0.074900
-0.148161 -0.450684 3.587984 0.391128 0.074944
-0.250960 0.000000 3.715849 0.500000 1.040049
0.040202 0.232691 3.628590 0.802804 0.458802
-0.239423 -0.333112 3.718215 0.127031 -0.045598
0.954639 0.145246 3.267467 1.000000 0.849758
1.043774 -0.000000 3.297178 0.500000 1.000014
0.956600 -0.094584 3.099433 0.174400 -0.000013
0.954639 -0.145246 3.267466 0.000000 0.849753
0.956600 0.094584 3.099433 0.825599 -0.000013
0.987576 -0.000000 3.101872 0.500000 0.012324
-0.068326 -0.612145 3.858288 0.150853 0.450538
-0.068326 -0.615543 3.858288 0.150853 0.450538
-0.100871 -0.446878 4.249312 0.574343 0.991396
-0.117401 -0.412971 3.693059 0.744813 0.239635
-0.142998 -0.434993 3.635372 0.604083 0.126778
-0.117401 -0.412971 3.693059 0.226197 0.684032
-0.142998 -0.434993 3.635372 0.227192 0.756933
-0.152680 -0.439171 3.631833 0.227264 0.762243
-0.192641 -0.405487 3.693082 0.226275 0.689730
-0.068326 -0.615543 3.858288 0.857360 0.449999
-0.100871 -0.446878 4.249312 0.425657 0.991396
-0.117401 -0.412971 3.693059 0.255781 0.240001
-0.142998 -0.434993 3.635372 0.923244 0.208500
-0.152680 -0.439171 3.631833 0.382310 0.124263
-0.192641 -0.405487 3.693082 0.211909 0.223346
0.923612 0.075000 3.143890 0.483404 0.425394
0.934964 0.000277 3.231593 0.635973 0.624834
0.923612 0.000277 3.143889 0.483404 0.625187
0.911331 -0.094307 3.211420 0.630185 0.877909
0.923612 -0.074447 3.143889 0.483404 0.824980
0.911331 0.094861 3.211420 0.630185 0.372119
0.923612 0.075000 3.143890 0.515801 0.902156
0.934964 0.000277 3.231593 0.813730 0.983854
0.923612 0.000277 3.143889 0.313729 0.902155
0.911331 -0.094307 3.211420 0.007465 0.947735
0.923612 -0.074447 3.143889 0.111658 0.902155
0.911331 0.094861 3.211420 0.619994 0.947735
0.934964 0.000277 3.231593 -0.186270 0.983854
0.931471 0.089141 3.112199 0.515801 0.902167
0.931473 -0.088859 3.112188 0.111658 0.902166
0.931873 0.000272 3.175122 0.538672 0.625072
0.940945 0.136462 3.243718 0.630185 0.372119
0.940956 -0.136283 3.243769 0.630185 0.877909
0.966959 0.050068 3.106253 0.483404 0.403151
0.999749 0.087742 3.268065 0.638098 0.717624
0.970584 0.000127 3.104658 0.483404 0.625186
0.954102 0.000134 3.133251 0.483404 0.625186
1.034987 0.000095 3.269850 -0.186270 0.983854
0.986834 0.000107 3.194336 0.583716 0.625409
0.931471 0.089141 3.112199 0.005710 0.868096
0.931473 -0.088859 3.112188 0.701844 0.872636
0.940945 0.136462 3.243718 0.173248 0.880827
0.940956 -0.136283 3.243769 0.515355 0.888123
0.966959 0.050068 3.106253 -0.052291 0.910037
0.999749 0.087742 3.268065 0.175818 0.876392
0.970584 0.000127 3.104658 -0.128092 0.915416
0.954102 0.000134 3.133251 -0.128180 0.899807
1.034987 0.000095 3.269850 0.076909 0.796731
0.986834 0.000107 3.194336 0.872385 0.935009
0.931471 0.089141 3.112199 0.835025 0.053555
0.931473 -0.088859 3.112188 0.165852 0.053469
0.940945 0.136462 3.243718 1.003572 0.867163
0.940956 -0.136283 3.243769 0.302451 -0.623940
0.966959 0.050068 3.106253 0.677094 0.032631
0.999749 0.087742 3.268065 0.784144 0.866423
0.970584 0.000127 3.104658 0.517728 0.019664
0.954102 0.000134 3.133251 0.558735 0.126611
-0.068326 0.612145 3.858288 0.150853 0.450538
-0.068326 0.615543 3.858288 0.150853 0.450538
-0.100871 0.446878 4.249312 0.574343 0.991396
-0.117401 0.412971 3.693058 0.684698 0.234173
-0.142998 0.434993 3.635372 0.604083 0.126778
-0.116316 0.377514 3.672406 0.190045 0.054031
-0.117401 0.412971 3.693058 0.772633 1.010265
-0.142998 0.434993 3.635372 0.772036 1.054023
-0.152680 0.439171 3.631833 0.771952 1.060178
-0.116316 0.377514 3.672406 0.772639 1.009822
-0.068326 0.615543 3.858288 0.150853 0.450538
-0.100871 0.446878 4.249312 0.574343 0.991396
-0.117401 0.412971 3.693058 0.744813 0.239635
-0.142998 0.434993 3.635372 0.076756 0.208500
-0.152680 0.439171 3.631833 0.619751 0.124325
1 148 2
5 4 205
6 150 3
7 206 207
3 150 149
164 165 163
166 167 164
168 164 163
164 167 165
174 17 170
14 171 12
172 13 173
173 13 171
13 12 171
174 15 17
172 18 16
174 169 14
172 175 18
15 174 14
169 171 14
16 13 172
39 27 26
35 33 26
33 39 26
29 36 28
28 36 30
31 37 35
32 37 31
26 31 35
38 28 30
34 29 39
39 29 27
36 29 34
55 56 54
58 54 56
60 61 59
61 62 59
64 56 63
65 63 56
60 66 61
61 66 86
69 77 54
54 58 70
72 78 85
73 67 50
73 71 67
70 53 57
70 57 69
71 73 63
69 54 70
63 73 64
66 71 63
71 49 67
71 66 49
52 60 59
51 52 59
69 75 77
52 66 60
84 83 68
69 57 75
49 66 52
82 81 76
74 80 79
115 111 113
116 121 112
122 115 113
117 118 114
119 123 124
125 127 115
115 127 111
117 114 126
133 216 215
128 216 133
133 215 132
131 129 157
130 131 158
131 157 158
128 120 216
145 144 147
142 143 147
142 147 146
145 147 143
1 1
2 1
3 1
4 1
5 1
6 2
7 2
8 2
9 2
10 2
11 2
12 2
13 2
14 2
15 2
16 2
17 2
18 2
19 2
20 2
21 2
22 3
23 3
24 3
25 3
26 3
27 3
28 3
29 3
30 3
31 3
32 3
33 3
34 4
35 4
36 4
37 4
38 4
39 4
40 4
41 4
42 4
43 4
44 4
45 4
46 4
47 4
48 4
49 4
50 4
51 4
52 4
53 4
54 4
55 4
56 4
57 4
58 4
59 4
60 4
61 4
62 4
63 4
64 5
65 5
66 5
67 5
68 5
69 5
70 5
71 5
72 5
73 5
74 5
75 5
76 5
77 5
78 5
79 6
80 6
81 6
82 6
1 6
2 6
3 6
4 6
5 6
6 6
7 6
8 6
9 6
10 6
11 6
12 6
13 6
14 6
15 6
16 6
17 6
18 6
19 6
20 6
21 6
22 6
23 6
24 6
25 6
26 6
27 6
28 6
29 6
30 6
31 6
32 6
33 6
34 6
35 6
36 6
37 6
38 6
39 6
40 6
41 6
42 6
43 6
44 6
45 6
46 6
47 6
48 6
49 6
50 6
51 6
52 6
53 6
54 6
55 6
56 6
57 6
58 6
59 6
60 6
61 6
62 6
63 6
64 6
65 6
66 6
67 6
68 6
69 6
70 6
71 6
72 6
73 6
74 6
75 6
76 6
77 6
78 6
79 6
80 6
81 6
82 6
83 6
84 6
85 6
86 6
87 6
88 6
89 6
90 6
91 6
92 6
93 6
94 6
95 6
96 6
97 6
98 6
99 6
100 6
101 6
102 6
103 6
104 6
105 6
106 6
107 6
108 6
109 6
110 6
111 6
112 6
113 6
114 6
115 6
116 6
117 6
118 6
119 6
120 6
121 6
122 6
123 6
124 6
125 6
126 6
127 6
128 6
129 6
130 6
131 6
132 6
133 6
134 6
135 6
136 6
137 6
138 6
139 6
140 6
141 6
142 6
143 6
144 6
145 6
146 6
147 6
148 7
149 7
150 7
151 7
152 7
153 7
154 7
155 7
156 7
157 7
158 7
159 7
160 7
161 7
162 7
163 8
164 8
165 8
166 8
167 8
168 8
169 8
170 8
171 8
172 8
173 8
174 8
175 8
176 8
177 8
178 8
179 8
180 8
181 8
182 8
183 8
184 8
185 8
186 8
187 8
188 8
189 8
190 8
191 8
192 8
193 8
194 8
195 8
196 8
197 8
198 8
199 8
200 8
201 8
202 8
203 8
204 8
205 9
206 9
207 9
208 9
209 9
210 9
211 9
212 9
213 9
214 9
215 9
216 9
217 9
218 9
219 9
-0.069926 -0.543435 0.343881 -0.754278 0.643119
-0.412325 -0.383487 0.400319 -0.868225 0.705267
-0.391216 -0.468774 0.516927 -0.847728 0.833673
-0.391134 0.424638 0.516941 -1.130350 0.833687
-0.391134 -0.010940 0.516941 -0.989529 0.833687
0.292056 -0.440419 0.140386 -0.640938 0.419037
-0.412255 0.364293 0.400340 -1.113885 0.705290
-0.445232 -0.016250 0.027261 -0.987815 0.294468
-0.412255 0.004505 0.400340 -0.996059 0.705290
-0.323176 0.103584 -0.121493 -1.081833 0.000040
-0.069857 0.524055 0.343902 -0.229395 0.643142
0.350555 -0.015587 0.206640 -0.495770 0.450675
0.291356 0.421295 0.137359 -0.344188 0.415704
0.150523 0.088428 -0.110262 -0.430020 0.012407
0.150710 -0.118648 -0.110262 -0.560212 0.012407
0.321459 -0.399447 0.267815 -0.626423 0.559358
0.320760 0.380323 0.264788 -0.358925 0.556025
-0.323027 -0.133069 -0.121530 -0.894962 0.000000
-0.391134 0.424638 0.516941 -0.130350 0.833687
-0.412255 0.364293 0.400340 -0.113885 0.705290
-0.323176 0.103584 -0.121493 -0.080712 0.000057
0.130041 -0.016529 -0.113957 -0.481194 0.011869
-0.412238 0.364355 0.400338 -0.113900 0.705289
0.307985 -0.430654 0.150326 -0.637105 0.431918
0.307109 0.412925 0.146367 -0.347586 0.427738
-0.394675 -0.468545 0.514544 -0.848005 0.831132
-0.118030 0.552057 0.333123 -0.214841 0.622625
-0.132952 -0.574309 0.340516 -0.772569 0.629760
-0.364650 -0.015456 -0.077322 -0.988026 0.092597
0.323660 -0.420139 0.154581 -0.633013 0.438430
-0.403828 -0.015545 -0.050518 -0.988104 0.162316
0.237825 0.517163 0.173222 -0.167848 0.544427
-0.426731 -0.433435 0.464022 -0.874071 0.668646
0.302274 -0.284581 0.025471 -0.597242 0.278751
0.328567 0.440303 0.098055 -0.344188 0.415704
0.359128 0.247312 0.168413 -0.406100 0.442390
-0.323027 -0.133069 -0.121530 -0.583106 0.839549
0.292056 -0.440419 0.140386 -1.017539 0.898728
0.291356 0.421295 0.137359 -0.019828 0.893821
0.150523 0.088428 -0.110262 -0.868225 0.705267
0.150710 -0.118648 -0.110262 -0.885498 0.709850
0.292056 -0.440419 0.140386 -0.019828 0.893821
-0.323176 0.103584 -0.121493 -0.595010 0.831007
0.150523 0.088428 -0.110262 0.135538 0.711111
0.130041 -0.016529 -0.113957 -0.885917 0.709670
0.307985 -0.430654 0.150326 -1.017539 0.898728
0.307109 0.412925 0.146367 0.229213 -0.120100
-0.118030 0.552057 0.333123 -0.218658 0.985065
-0.132952 -0.574309 0.340516 -0.537111 0.961593
-0.364650 -0.015456 -0.077322 -0.583106 0.839549
0.323660 -0.420139 0.154581 -1.017548 0.898766
-0.403828 -0.015545 -0.050518 -0.583106 0.839549
0.237825 0.517163 0.173222 -0.074025 0.896549
0.302274 -0.284581 0.025471 -0.961893 0.788773
0.328567 0.440303 0.098055 -0.023521 0.849666
0.359128 0.247312 0.168413 0.232030 0.597636
-0.207499 -0.570142 0.732206 -0.788894 0.951050
-0.207417 0.522754 0.732219 -0.191940 0.951064
0.150568 -0.421913 0.776659 -0.674938 1.000000
0.257936 -0.000949 0.704237 -0.489471 0.920251
0.150568 0.385587 0.776659 -0.304795 1.000000
-0.400122 0.459845 0.698762 -1.136214 0.914222
-0.400122 -0.513457 0.698762 -0.840937 0.914222
-0.391913 -0.015346 0.696254 -0.987514 0.911460
-0.400122 0.459845 0.698762 -0.136214 0.914222
-0.368403 0.486629 0.689570 -0.146284 0.915874
-0.362722 -0.534083 0.657697 -0.831702 0.902833
-0.382701 -0.017430 0.612809 -0.987279 0.875266
0.247255 0.299276 0.729294 -0.356335 0.939177
-0.363511 0.450038 0.553671 -0.140599 0.854382
-0.229124 -0.564584 0.595367 -0.795287 0.858492
-0.376034 0.448770 0.571892 -0.137804 0.860977
-0.357290 -0.537678 0.576009 -0.832764 0.869782
-0.188467 0.491331 0.555894 -0.193532 0.819950
-0.366477 -0.545937 0.488866 -0.836527 0.783106
-0.275283 -0.180274 0.468781 -0.935755 0.804722
-0.366477 -0.545937 0.488866 -0.426329 0.969758
-0.275283 -0.180274 0.468781 -0.630089 0.808757
0.157508 -0.392100 1.861658 -0.306220 0.851508
0.149157 -0.004435 1.834325 -0.495582 0.831687
-0.133761 0.807791 1.365513 -0.892331 0.491710
-0.207417 0.522754 0.732219 -0.753098 0.026082
-0.574360 0.513020 1.269050 -0.748344 0.526119
0.150568 -0.421913 0.776659 -0.291656 0.058309
0.257936 -0.000949 0.704237 -0.497285 0.005790
-0.561920 0.000580 1.291768 -0.498032 0.542593
0.377463 -0.470000 1.300966 -0.268167 0.444901
-0.574359 -0.503604 1.269050 -0.251753 0.526118
0.150568 0.385587 0.776659 -0.686097 0.058309
0.377463 0.479414 1.300966 -0.731928 0.444901
-0.133761 -0.798377 1.365512 -0.107765 0.491709
-0.415107 -0.004435 2.066275 -0.495582 1.000000
-0.375249 -0.395016 2.066275 -0.304795 1.000000
0.389082 0.000580 1.246158 -0.498032 0.405155
-0.400122 0.459845 0.698762 -0.722369 0.001819
-0.400122 -0.513457 0.698762 -0.246940 0.001819
-0.391913 -0.015346 0.696254 -0.497285 0.005790
-0.375250 0.401507 2.066275 -0.693873 1.000000
-0.423825 0.693896 1.381934 -0.836697 0.695079
0.181499 0.412029 1.781946 -0.699013 0.793702
-0.526428 0.006408 1.764120 -0.500879 0.780775
0.143107 0.665546 1.669218 -0.822848 0.711953
0.143106 -0.656328 1.669218 -0.177152 0.711953
-0.289199 -1.018994 1.882259 0.000000 0.866447
0.181500 -0.402811 1.781945 -0.300987 0.793701
-0.490048 -0.490477 1.758124 -0.258165 0.776426
-0.252761 -0.550778 2.010271 -0.228710 0.959280
-0.490047 0.499695 1.758124 -0.741835 0.776426
-0.423824 -0.684678 1.381934 -0.163303 0.695079
0.306877 0.001309 1.696636 -0.498388 0.731836
-0.207499 -0.570142 0.732206 -0.219251 0.026072
0.157508 0.403292 1.861658 -0.694745 0.851508
-0.289200 1.028212 1.882259 -1.000000 0.866448
-0.252762 0.559995 2.010271 -0.771290 0.959280
-0.368403 0.486629 0.689570 -0.721402 0.001055
-0.362722 -0.534083 0.657697 -0.200127 0.042823
0.160750 0.402601 1.856168 -0.694279 0.847265
-0.382701 -0.017430 0.612809 0.001888 -0.002128
0.162656 -0.388108 1.850131 -0.308204 0.843076
-0.507573 -0.602138 1.378953 -0.209122 0.635257
-0.506879 0.616152 1.382723 -0.792454 0.638926
-0.397173 -0.374263 2.068908 -0.315838 0.997104
0.229807 -0.002371 1.776321 -0.496286 0.784557
0.247255 0.299276 0.729294 -0.632392 0.047065
-0.363511 0.450038 0.553671 -0.282688 0.009575
-0.404358 0.449274 2.000784 -0.710871 0.946041
0.385495 -0.458046 1.284486 -0.274283 0.434686
-0.401282 -0.718559 1.302751 -0.169577 0.597325
-0.402190 0.728482 1.305128 -0.831048 0.601788
-0.373860 -0.507393 2.005024 -0.264272 0.941234
-0.229124 -0.564584 0.595367 -0.217928 0.027231
-0.594073 0.007507 1.490328 -0.501893 0.640887
-0.384963 0.448146 2.024038 -0.711174 0.963774
-0.376034 0.448770 0.571892 -0.283570 0.009560
0.198917 -0.316691 1.830226 -0.344343 0.826058
-0.396388 -0.421154 2.031599 -0.296815 0.970078
-0.357290 -0.537678 0.576009 -0.198446 0.044296
-0.188467 0.491331 0.555894 -0.697483 -0.017831
-0.525539 -0.684105 1.341823 -0.296031 0.441535
-0.366477 -0.545937 0.488866 -0.193275 0.048825
0.223811 -0.000822 1.879278 -0.499921 0.819318
-0.275283 -0.180274 0.468781 -0.132826 0.000009
0.157508 0.403292 1.861658 -0.012634 1.009516
-0.289200 1.028212 1.882259 -0.987366 0.201574
-0.252762 0.559995 2.010271 -0.264566 0.144338
0.157508 -0.392100 1.861658 -0.025167 -0.008628
-0.375249 -0.395016 2.066275 -0.012634 1.009516
-0.375250 0.401507 2.066275 -0.025167 -0.008628
-0.289199 -1.018994 1.882259 -0.990358 0.858614
-0.252761 -0.550778 2.010271 -0.253351 0.870110
0.160750 0.402601 1.856168 -0.012634 1.009516
0.162656 -0.388108 1.850131 -0.025167 -0.008628
-0.397173 -0.374263 2.068908 -0.012634 1.009516
-0.404358 0.449274 2.000784 -0.017635 -0.013441
-0.373860 -0.507393 2.005024 -0.314078 0.834942
-0.384963 0.448146 2.024038 -0.015777 -0.014628
0.198917 -0.316691 1.830226 -0.025167 -0.008628
-0.396388 -0.421154 2.031599 -0.456760 0.752311
0.223811 -0.000822 1.879278 -0.025167 -0.008628
-0.423825 0.693896 1.381934 -0.625000 0.830058
-0.423824 -0.684678 1.381934 -0.607366 0.830058
-0.289200 1.028212 1.882259 -0.355505 1.000000
-0.289199 -1.018994 1.882259 -0.375688 1.000000
-0.507573 -0.602138 1.378953 -0.607366 0.830058
-0.506879 0.616152 1.382723 -0.625000 0.830058
-0.401282 -0.718559 1.302751 -0.607132 0.835873
-0.402190 0.728482 1.305128 -0.687625 -0.647511
-0.525539 -0.684105 1.341823 -0.315332 -0.793641
0.149157 -0.004435 1.834325 -0.497285 0.005790
-0.415107 -0.004435 2.066275 -0.977748 0.059142
0.157508 -0.392100 1.861658 -0.644550 0.104210
-0.375249 -0.395016 2.066275 -0.825516 0.111700
-0.375250 0.401507 2.066275 -1.154228 0.111699
0.157508 0.403292 1.861658 -0.334965 0.104210
-0.375250 0.401507 2.066275 -0.154228 0.111699
0.160750 0.402601 1.856168 -0.334964 0.104211
0.162656 -0.388108 1.850131 -0.353546 -0.090275
-0.397173 -0.374263 2.068908 -0.834521 0.124368
0.229807 -0.002371 1.776321 -0.497285 0.005790
-0.404358 0.449274 2.000784 -0.154228 0.111699
-0.384963 0.448146 2.024038 -0.154207 0.111700
0.198917 -0.316691 1.830226 -0.402296 -0.057694
-0.396388 -0.421154 2.031599 -0.825516 0.111700
0.223811 -0.000822 1.879278 -0.497311 0.000180
0.006284 0.414138 2.221052 -0.979057 0.490249
0.006284 -0.414138 2.221052 -0.979057 -0.483750
-0.188094 -0.339060 2.299258 -1.214490 -0.395463
0.024270 -0.219661 2.307445 -0.817514 -0.255058
0.024270 0.219661 2.307445 -0.817514 0.261557
-0.188094 0.339060 2.299258 -1.214490 0.401962
-0.263824 -0.469245 2.141067 -0.323496 1.010009
-0.226762 0.633294 2.095186 -1.187332 0.790411
-0.275140 0.140397 2.353758 -1.218118 0.403245
-0.263824 -0.469245 2.141067 -0.118522 0.915843
-0.275140 0.140397 2.353758 -0.025167 -0.008628
-0.226762 0.633294 2.095186 0.037943 0.891636
-0.275140 0.140397 2.353758 -0.023150 0.908463
-0.188094 -0.339060 2.299258 -0.799050 0.601872
0.024270 -0.219661 2.307445 -0.630746 0.993266
-0.188094 0.339060 2.299258 -0.179644 0.601873
-0.469660 -0.002728 2.308046 -0.985486 0.625255
0.024270 0.219661 2.307445 -0.355505 1.000000
0.085526 0.000000 2.278993 -0.492709 0.987497
-0.188094 0.339060 2.299258 -1.179644 0.601873
-0.188094 -0.339059 2.299259 -1.171922 0.648638
-0.188094 0.339060 2.299258 -0.179644 0.601872
0.053832 -0.148141 2.341049 -0.644326 0.993833
-0.040879 0.300118 2.309281 -0.285446 0.819837
0.011274 -0.261428 2.327006 -0.927120 0.304043
-0.254396 0.241522 2.407179 -1.193791 0.600169
-0.263824 -0.469245 2.141067 -0.801974 0.269074
-0.226762 0.633294 2.095186 -0.194741 0.158124
0.095581 -0.810299 1.520123 -0.101942 0.603831
0.127048 -0.698129 1.685362 -0.156733 0.723660
0.098500 -0.974660 1.769422 -0.021656 0.784620
0.138711 -0.649140 1.720515 -0.187357 0.702137
0.098297 -0.768593 1.598941 -0.121633 0.660235
-0.093989 -1.145122 1.682240 -0.000000 0.866447
0.208054 -0.696561 1.614257 -0.073474 0.562906
0.119588 -0.912832 1.689351 -0.053178 0.728019
-0.161572 -0.903150 1.582839 0.013985 0.881122
0.098500 -0.974660 1.769422 -0.925108 0.055607
-0.093989 -1.145122 1.682240 -0.902857 -0.218232
0.119588 -0.912832 1.689351 0.811131 -0.068320
-0.161572 -0.903150 1.582839 -0.899027 -0.265364
-0.058890 -0.944019 0.523001 -1.072047 0.022487
-0.254410 -0.782976 0.527262 -0.639765 0.025551
-0.200142 -1.102416 0.537257 -0.272686 0.032740
0.095581 -0.810299 1.520123 -0.950368 0.739569
-0.417055 -0.950313 0.491732 -0.458074 0.000000
0.098500 -0.974660 1.769422 -0.047928 0.918854
-0.058890 -0.944019 0.523001 -0.072047 0.022487
0.098500 -0.974660 1.769422 -1.047928 0.918854
0.098297 -0.768593 1.598941 -1.119486 1.050354
-0.093989 -1.145122 1.682240 -0.231590 0.908256
0.208054 -0.696561 1.614257 -1.134644 1.078210
0.119588 -0.912832 1.689351 -1.059016 0.939229
-0.417055 -0.950313 0.491732 -0.524051 0.958860
-0.058890 -0.944019 0.523001 -0.940584 0.987117
-0.254410 -0.782976 0.527262 -0.686769 0.990967
-0.200142 -1.102416 0.537257 -1.289413 1.000000
-0.200142 -1.102416 0.537257 -0.285207 1.000000
-0.408534 -0.955085 0.447960 -0.090269 0.064955
-0.063023 -0.947637 0.486398 -0.072008 0.022485
-0.257713 -0.778729 0.517196 -0.277582 -0.025383
-0.201185 -1.105638 0.539175 -0.272685 0.032737
-0.139835 -0.875781 0.454467 -0.490947 0.026606
-0.312663 -1.045207 0.383198 -0.215528 0.042834
-0.225765 -0.950350 0.516755 -0.241533 0.038241
-0.211332 -0.926704 0.443475 -0.532799 0.026309
-0.406246 -0.955841 0.433767 -0.521068 0.906479
-0.058889 -0.950024 0.459370 -0.948798 0.929616
-0.254410 -0.764143 0.428160 -0.697658 0.901412
-0.200142 -1.140090 0.430473 -0.276915 0.903503
0.005747 -0.959032 -0.503899 -0.977748 0.059142
-0.156870 -0.791932 -0.015798 -0.760998 0.500222
-0.109302 -1.174642 -0.509263 -0.206801 0.054295
0.020983 -0.994622 0.094846 -1.009013 0.600208
-0.381359 -1.020204 -0.038485 -0.469514 0.479720
-0.185709 -1.203429 0.004244 -0.260017 0.518333
-0.200142 -1.140090 0.430473 -1.280173 0.903503
0.020983 -0.994622 0.094846 -0.010513 0.600208
-0.185709 -1.203429 0.004244 -1.261256 0.518333
-0.408534 -0.955085 0.447960 -0.521239 0.919312
-0.063023 -0.947637 0.486398 -0.942230 0.953860
-0.257713 -0.778729 0.517196 -0.687709 0.981445
-0.201185 -1.105638 0.539175 -0.285207 1.000000
-0.139835 -0.875781 0.454467 -0.844687 0.925294
-0.312663 -1.045207 0.383198 -0.410293 0.860788
-0.225765 -0.950350 0.516755 -0.383016 0.978701
-0.212687 -1.173630 -0.315379 -0.277223 0.234606
-0.020978 -0.919533 -0.368166 -0.924946 0.180783
-0.211332 -0.926704 0.443475 -0.827093 0.926195
-0.121829 -1.004009 -0.569281 -1.063082 0.000058
0.005747 -0.976953 -0.562867 -0.993820 0.005854
0.075373 -1.048768 -0.559985 -1.041168 0.006662
-0.109302 -1.169794 -0.569345 -0.205752 -0.000000
-0.121829 -1.004009 -0.569281 -0.063082 0.000058
0.075373 -1.048768 -0.559985 -0.048435 0.006662
0.010135 -0.977301 -0.560885 -0.994975 0.008034
-0.108364 -1.169053 -0.545593 -0.203954 0.021458
-0.060248 -0.969280 -0.560693 -1.024847 0.012675
-0.032441 -1.094706 -0.577485 -0.005097 0.008497
-0.038237 -1.031147 -0.590052 -1.085953 -0.001856
-0.105554 -1.007797 -0.997266 0.129271 0.029245
-0.048507 -1.152714 -1.010448 -0.048435 0.006662
0.246737 -1.067854 -0.958268 -0.477915 0.115764
0.114530 -0.897453 -0.952404 -0.655207 0.128773
-0.009406 -1.278764 -0.861694 -0.165536 0.014074
0.246126 -1.232095 -0.816342 -0.368863 0.114577
0.005747 -0.976953 -0.562867 -0.729032 0.906152
-0.109302 -1.169794 -0.569345 -0.040022 0.908631
-0.105554 -1.007797 -0.997266 -0.870730 0.029245
-0.121829 -1.004009 -0.569281 0.087886 0.826374
0.075373 -1.048768 -0.559985 -0.393156 1.000000
-0.121829 -1.004009 -0.569281 -0.912114 0.826374
0.010135 -0.977301 -0.560885 -0.079454 1.087653
-0.108364 -1.169053 -0.545593 -0.039987 0.908621
-0.060248 -0.969280 -0.560693 -0.686701 0.924598
-0.032441 -1.094706 -0.577485 -0.208486 0.946370
-0.086974 -1.079015 -1.027233 -0.096111 0.000603
0.107586 -1.250945 -0.839176 -0.261096 0.074064
-0.038237 -1.031147 -0.590052 -0.810165 0.833913
-0.059682 -0.999360 -1.012577 -0.876605 0.026531
0.210205 -1.193810 -0.890276 -0.523188 0.116257
-0.048507 -1.152714 -1.010448 -0.074543 0.669430
0.246737 -1.067854 -0.958268 -0.912611 0.446883
0.114530 -0.897453 -0.952404 -0.537332 0.000000
-0.009406 -1.278764 -0.861694 -0.185412 1.000000
0.246126 -1.232095 -0.816342 -0.910780 0.877612
-0.105554 -1.007797 -0.997266 0.087389 0.289381
-0.086974 -1.079015 -1.027233 0.125015 0.201075
0.107586 -1.250945 -0.839176 -0.521521 0.937644
-0.059682 -0.999360 -1.012577 -0.034498 0.275189
0.095580 0.819516 1.520123 -0.898058 0.603831
0.127047 0.707347 1.685363 -0.843267 0.723661
0.098499 0.983194 1.769424 -0.978010 0.784621
0.139237 0.652970 1.698564 -0.818897 0.705877
0.099369 0.780350 1.596089 -0.879500 0.658287
0.150253 0.739892 1.588420 -0.913226 0.582026
-0.090820 1.147665 1.678993 -1.000000 0.866448
-0.042830 0.763711 1.423781 -0.893476 0.556445
-0.191425 0.957475 1.887402 -1.043125 0.848943
0.122160 0.734841 1.809244 -0.840263 0.783405
0.098499 0.983194 1.769424 -0.894013 1.001028
-0.090820 1.147665 1.678993 -1.004115 0.058134
0.122160 0.734841 1.809244 -1.082246 0.999215
-0.200143 1.106490 0.537258 -0.272686 0.032740
-0.417055 0.954388 0.491733 -0.458074 0.000000
0.095580 0.819516 1.520123 0.059940 0.739569
-0.254411 0.787412 0.527263 0.340902 0.025551
-0.058889 0.949067 0.523002 -0.085567 0.022487
0.098499 0.983194 1.769424 -0.060880 0.918854
0.095580 0.819516 1.520123 -0.940060 0.739569
-0.254411 0.787412 0.527263 -0.659098 0.025551
0.099369 0.780350 1.596089 0.062340 0.736007
0.150253 0.739892 1.588420 0.060203 0.739178
-0.090820 1.147665 1.678993 -0.222521 0.913564
-0.042830 0.763711 1.423781 -0.852585 0.701165
-0.191425 0.957475 1.887402 0.059254 0.885767
0.122160 0.734841 1.809244 0.111835 0.662561
-0.005029 0.068614 2.199882 -1.037369 0.716617
-0.254411 0.787412 0.527263 -0.693873 1.000000
-0.058889 0.949067 0.523002 0.059416 0.987117
-0.200143 1.106490 0.537258 -0.285207 1.000000
-0.417055 0.954388 0.491733 -0.524051 0.958860
-0.058889 0.949067 0.523002 -0.940584 0.987117
-0.191425 0.957475 1.887402 -0.131503 0.112641
0.122160 0.734841 1.809244 0.018432 0.118853
-0.408544 0.959085 0.448620 -0.458087 -0.000002
-0.063031 0.952536 0.486262 -0.454780 0.042717
-0.257724 0.783044 0.517477 -0.659100 0.025551
-0.201175 1.109690 0.539236 -0.272685 0.032737
-0.139782 0.880743 0.453341 -0.158177 0.021965
-0.312874 1.049279 0.383133 -0.494631 -0.006456
-0.225777 0.954980 0.516972 -0.522902 -0.011449
-0.211020 0.931259 0.440645 -0.192736 0.021717
-0.406246 0.959869 0.433768 -0.521068 0.906479
-0.058889 0.954847 0.459371 0.051203 0.929616
-0.200143 1.144120 0.430475 -0.276915 0.903503
-0.254411 0.768173 0.428160 -0.697658 0.901412
-0.109303 1.182356 -0.509261 -0.206801 0.054295
-0.185710 1.207504 0.004245 -0.260017 0.518333
-0.381360 1.024279 -0.038484 -0.469514 0.479720
-0.156871 0.796006 -0.015797 0.240211 0.500222
0.020983 0.999087 0.094847 -0.010513 0.600208
0.005746 0.966747 -0.503898 0.021322 0.059141
-0.058889 0.954847 0.459371 -0.948798 0.929616
-0.254411 0.768173 0.428160 0.302342 0.901412
-0.156871 0.796006 -0.015797 -0.751073 0.497083
-0.408544 0.959085 0.448620 -0.521180 0.919906
-0.063031 0.952536 0.486262 -0.942318 0.953855
-0.257724 0.783044 0.517477 -0.694115 0.989775
-0.201175 1.109690 0.539236 -0.285207 1.000000
-0.139782 0.880743 0.453341 -0.845754 0.924965
-0.312874 1.049279 0.383133 -0.410414 0.860715
-0.225777 0.954980 0.516972 -0.382713 0.978844
-0.211885 1.179196 -0.319926 -0.276873 0.230260
-0.022367 0.923697 -0.359640 0.076895 0.188879
-0.211020 0.931259 0.440645 -0.828724 0.924658
0.076755 1.056831 -0.561972 -0.048435 0.006662
0.005746 0.984668 -0.562866 0.003224 0.005854
-0.121830 1.011723 -0.569280 -0.080712 0.000057
-0.109303 1.177507 -0.569344 -0.205752 -0.000000
0.010142 0.985106 -0.561183 0.001916 0.007829
-0.107598 1.176364 -0.551112 -0.204046 0.016399
0.057625 1.024857 -0.563794 -0.029882 0.006690
-0.110769 1.091099 -0.613341 -0.051760 0.000071
-0.041268 1.036278 -0.577559 0.019418 0.006972
-0.106345 1.038767 -0.998412 -0.832552 0.029245
-0.044196 1.196644 -1.012773 -0.993820 0.005854
0.277451 1.104195 -0.955926 -0.477915 0.115764
0.133421 0.918555 -0.949537 -0.638360 0.128774
-0.001599 1.333966 -0.850715 -1.137686 0.007267
0.276786 1.283125 -0.801308 -0.356275 0.114577
0.076755 1.056831 -0.561972 -0.477906 1.000000
0.005746 0.984668 -0.562866 -0.697658 0.901412
-0.121830 1.011723 -0.569280 -0.875041 0.826374
-0.109303 1.177507 -0.569344 -0.999396 0.908630
-0.001599 1.333966 -0.850715 -0.127318 0.014935
0.076755 1.056831 -0.561972 -1.477906 1.000000
0.010142 0.985106 -0.561183 -0.697907 0.901300
-0.107598 1.176364 -0.551112 -1.945021 1.089194
0.057625 1.024857 -0.563794 -0.559963 0.954999
-0.110769 1.091099 -0.613341 -0.928330 0.782512
-0.085587 1.116571 -1.032006 -0.794650 0.034742
0.309612 1.207088 -0.895096 -0.325500 0.114277
-0.041268 1.036278 -0.577559 -0.777631 0.851631
-0.045992 1.238251 -0.962860 -1.032161 0.023233
0.226682 1.056078 -0.936280 -0.527156 0.157741
-0.106345 1.038767 -0.998412 0.087389 0.289381
-0.044196 1.196644 -1.012773 -0.074543 0.669430
0.277451 1.104195 -0.955926 -0.912611 0.446883
0.133421 0.918555 -0.949537 -0.537332 0.000000
0.276786 1.283125 -0.801308 -0.910780 0.877612
-0.001599 1.333966 -0.850715 -0.185412 1.000000
-0.085587 1.116571 -1.032006 -0.117527 0.770310
0.309612 1.207088 -0.895096 -0.913063 0.340483
-0.045992 1.238251 -0.962860 -0.240917 1.165494
-0.423910 -0.627399 0.156529 -0.815115 0.339347
-0.152252 -0.637534 0.299773 -0.751073 0.497083
-0.427887 -0.610804 0.413828 -0.822684 0.601209
0.491666 -0.256861 -0.379094 -0.888604 0.384958
-0.129047 -0.332132 -0.557816 -0.577110 0.410573
-0.128215 -0.742627 -0.408709 -0.385523 0.459623
0.458495 -0.756115 -0.211256 -1.104024 0.444411
-0.423910 -0.627399 0.156529 -0.379125 0.973238
-0.152252 -0.637534 0.299773 -0.218658 0.985065
0.491666 -0.256861 -0.379094 -0.888604 0.384958
0.169819 -0.775298 -0.868965 -0.356228 0.160197
0.168537 -0.388132 -0.868024 -0.625008 0.187260
0.458495 -0.756115 -0.211256 -0.100097 0.448128
0.618017 -0.838476 -0.984372 -0.137686 0.007267
0.648500 -0.484183 -1.007684 -0.927822 0.013248
0.458495 -0.756115 -0.211256 -1.104024 0.444411
0.618017 -0.838476 -0.984372 -1.137686 0.007267
0.648500 -0.484183 -1.007684 -0.927822 0.013248
0.181721 -0.553370 -0.836096 -0.510512 0.186694
0.512070 -0.447477 -0.340367 -0.970812 0.390430
-0.427887 -0.610804 0.413828 -0.401947 0.971555
0.169819 -0.775298 -0.868965 -0.366066 0.757494
0.618017 -0.838476 -0.984372 -1.150351 0.991183
0.168537 -0.388132 -0.868024 -0.639936 0.757101
0.648500 -0.484183 -1.007684 -0.927542 1.000833
0.618017 -0.838476 -0.984372 -0.142357 0.985836
0.648500 -0.484183 -1.007684 -0.927542 1.000833
0.169819 -0.775298 -0.868965 1.632892 1.100880
0.168537 -0.388132 -0.868024 1.411939 1.100110
0.169819 -0.775298 -0.868965 -0.393156 1.000000
0.168537 -0.388132 -0.868024 -0.383178 0.746450
0.181721 -0.553370 -0.836096 -0.506366 0.770822
-0.289178 -0.230635 -0.069262 -0.915602 -0.000765
0.616846 -0.849067 -0.998779 -0.137686 0.007267
0.646144 -0.473518 -1.029532 -0.927822 0.013248
-0.037374 -0.613765 -0.843768 -0.470136 0.243666
0.194676 -0.519665 -0.830302 -0.533869 0.187799
0.215570 -0.586887 -0.815667 -0.487190 0.183742
-0.156399 -0.268556 -0.627337 -0.576978 0.411188
0.693258 -0.669184 -0.913060 -1.043443 0.045459
-0.124749 -0.469253 -0.569291 -0.524844 0.402177
0.229625 -0.674119 -0.949568 -0.338015 0.158363
0.150393 -0.494239 -0.502303 -0.696045 0.365337
0.183392 -0.556354 -0.989424 -0.270541 0.151569
-0.289178 -0.230635 -0.069262 -0.547787 0.769943
0.548633 -0.871573 -1.074857 -0.144800 0.906659
0.579074 -0.441581 -1.098215 -0.915374 0.915380
0.322164 -0.775298 -0.770155 -0.364999 0.892214
0.100461 -0.881567 -1.390475 -0.144842 0.472950
-0.109490 -0.298381 -0.984891 -0.644731 0.514781
0.320882 -0.434919 -0.769215 -0.620115 0.891791
0.100468 -0.306121 -1.390502 -0.857249 0.472942
-0.121559 -0.806220 -0.962519 -0.387213 0.516769
-0.422478 -0.328456 -1.674970 -0.841648 0.004938
-0.341193 -0.450185 -1.708493 -0.916933 0.043325
-0.454659 -0.493187 -1.643917 -0.894962 0.000000
-0.496791 -0.368789 -1.561244 -0.774240 0.006560
0.548633 -0.871573 -1.074857 -1.145906 0.905779
0.579074 -0.441581 -1.098215 -0.915374 0.915380
0.322164 -0.775298 -0.770155 1.632079 1.344455
0.100461 -0.881567 -1.390475 -1.144842 0.472950
-0.109490 -0.298381 -0.984891 -0.644731 0.514781
0.320882 -0.434919 -0.769215 1.447448 1.343684
-0.121559 -0.806220 -0.962519 -0.387213 0.516769
0.548633 -0.871573 -1.074857 -0.144800 0.906659
0.579074 -0.441581 -1.098215 -0.915374 0.915380
0.322164 -0.775298 -0.770155 -0.616822 1.000000
0.320882 -0.434919 -0.769215 -0.614873 0.777090
-0.121559 -0.806220 -0.962519 -1.387213 0.516769
0.548633 -0.871573 -1.074857 -1.145906 0.905779
0.579074 -0.441581 -1.098215 1.878239 1.398378
0.548633 -0.871573 -1.074857 1.912240 1.380799
0.616846 -0.849067 -0.998779 -0.142320 0.987036
0.646144 -0.473518 -1.029532 -0.927915 1.003451
-0.109222 -0.263129 -1.251821 -0.750422 0.398329
-0.037374 -0.613765 -0.843768 -0.472954 0.612303
0.194676 -0.519665 -0.830302 -0.533928 0.781940
0.215570 -0.586887 -0.815667 -0.487611 0.801683
-0.156399 -0.268556 -0.627337 -0.645828 0.497980
0.693258 -0.669184 -0.913060 -1.201101 0.988985
-0.124749 -0.469253 -0.569291 -0.536520 0.634621
0.229625 -0.674119 -0.949568 -0.398638 0.933992
0.150393 -0.494239 -0.502303 -0.571372 0.866337
0.183392 -0.556354 -0.989424 -0.381286 0.698389
0.465650 -0.612063 -0.923222 -0.960175 1.028487
-0.289178 -0.230635 -0.069262 -0.612475 1.008793
-0.017784 0.050222 0.067463 -0.660165 0.858796
0.221010 0.068765 -1.010724 -0.987270 1.023799
-0.206130 -0.065298 0.258654 -0.618901 0.910376
-0.256725 -0.328456 -1.633079 -0.826296 0.883715
-0.226731 -0.450185 -1.594553 -0.981536 0.902056
-0.088380 -0.385253 -2.298831 -0.902713 0.335135
-0.181179 -0.867683 -2.302264 -1.179464 0.280610
-0.261366 -0.386760 -2.586086 -0.800389 0.100903
-0.257774 -0.557301 -1.616152 -1.145617 0.872971
-0.560366 -0.252117 -1.608805 -0.617060 0.911680
-0.371526 -0.909329 -2.586086 -0.271808 0.044872
-0.568068 -0.450630 -1.484449 -0.495582 1.000000
-0.559645 -0.588801 -1.620453 -0.431251 0.763386
-0.181179 -0.867683 -2.302264 -0.179464 0.280610
-0.261366 -0.386760 -2.586086 -0.835934 0.163981
-0.257774 -0.557301 -1.616152 -0.145617 0.872971
-0.560366 -0.252117 -1.608805 -0.712542 0.831943
-0.371526 -0.909329 -2.586086 -0.195099 0.091111
-0.559645 -0.588801 -1.620453 -0.422665 0.866089
-0.508411 -0.410185 -1.510144 -0.563693 0.973211
-0.520295 -0.292533 -1.659041 -0.692484 0.786967
-0.523771 -0.515079 -1.593830 -0.410819 0.913890
-0.236373 -0.389808 -1.643275 -0.904198 0.869103
-0.241943 -0.525854 -1.588356 -1.086508 0.883496
-0.514973 -0.330419 -1.556073 -0.603761 0.940064
-0.242618 -0.896870 -2.450481 -0.159594 0.331333
-0.179862 -0.377381 -2.446397 -0.847877 0.215483
-0.216741 -0.479846 -1.599299 -1.015686 0.892133
-0.527699 -0.384419 -1.555324 -0.575566 0.958377
-0.414215 -0.415782 -1.561378 -0.683601 0.946246
-0.508411 -0.410185 -1.510144 -0.771713 0.004457
-0.520295 -0.292533 -1.659041 -0.748330 0.007184
-0.523771 -0.515079 -1.593830 -0.886396 0.014488
-0.236373 -0.389808 -1.643275 -0.892869 0.142412
-0.514973 -0.330419 -1.556073 -0.774240 0.006560
-0.216741 -0.479846 -1.599299 -0.935486 0.173419
-0.527699 -0.384419 -1.555324 -1.014157 -0.006477
-0.414215 -0.415782 -1.561378 -0.853896 0.037315
-0.348911 -0.469028 -1.841075 -0.916933 0.043325
-0.088380 -0.385253 -2.298831 -1.001820 -0.044963
-0.088380 -0.385253 -2.298831 0.121669 1.233215
-0.181179 -0.867683 -2.302264 -0.512145 -0.082920
-0.261366 -0.386760 -2.586086 0.013136 1.060797
-0.371526 -0.909329 -2.586086 -0.042228 1.062342
-0.181179 -0.867683 -2.302264 0.074771 1.232427
-0.261366 -0.386760 -2.586086 -0.036419 0.127237
-0.371526 -0.909329 -2.586086 -0.372541 -0.015196
-0.242618 -0.896870 -2.450481 0.032263 1.143116
-0.179862 -0.377381 -2.446397 0.150749 1.279411
-0.210285 -0.610376 -2.390203 -0.388814 -0.092479
0.232493 -0.952055 -2.306595 -0.474889 0.338666
0.588253 -0.992533 -2.578171 0.440731 1.053701
0.672116 -0.434456 -2.578172 0.482879 1.052525
0.311583 -0.404699 -2.292787 0.317913 1.231431
0.232493 -0.952055 -2.306595 0.277126 1.224136
0.588253 -0.992533 -2.578171 -0.417535 0.902305
0.672116 -0.434456 -2.578172 -0.058540 1.021917
0.311583 -0.404699 -2.292787 -0.975953 0.366177
0.232493 -0.952055 -2.306595 -0.496413 0.335866
0.588253 -0.992533 -2.578171 -0.479210 0.799440
0.672116 -0.434456 -2.578172 -0.967729 0.841754
0.311583 -0.404699 -2.292787 -1.027591 0.355542
0.492003 -0.420428 -2.434424 -0.971160 0.603455
0.405950 -0.989975 -2.440685 0.357550 1.139609
-0.406072 0.607993 0.149821 -1.167874 0.339378
-0.134392 0.618412 0.293059 -0.232674 0.497106
-0.406072 0.607993 0.149821 -0.167874 0.339378
-0.504324 0.184422 0.090419 -1.048190 0.285984
-0.111174 0.302660 -0.564134 -0.564445 0.403460
-0.110425 0.756556 -0.415445 -0.354078 0.452280
0.476284 0.733657 -0.217992 -0.100097 0.448128
0.509539 0.234685 -0.385412 -0.888604 0.384958
-0.134392 0.618412 0.293059 -0.218658 0.985065
0.186327 0.378485 -0.874761 -0.607182 0.184015
0.187609 0.751681 -0.875701 -0.323022 0.160453
0.635806 0.814858 -0.991108 -0.127318 0.014935
0.509539 0.234685 -0.385412 0.104862 0.386172
-0.406072 0.607993 0.149821 -0.366177 0.961537
0.666289 0.460523 -1.014419 -0.947869 0.019009
0.666289 0.460523 -1.014419 0.052131 0.019009
0.194188 0.537605 -0.850980 -0.487037 0.182663
0.545115 0.431419 -0.366756 0.024435 0.380106
-0.504324 0.184422 0.090419 -0.230569 1.038890
0.186327 0.378485 -0.874761 -0.669366 0.717492
0.187609 0.751681 -0.875701 -0.414320 0.744873
0.635806 0.814858 -0.991108 -0.142357 0.985836
0.666289 0.460523 -1.014419 0.098055 0.969901
0.666289 0.460523 -1.014419 -0.901945 0.969901
0.186327 0.378485 -0.874761 0.576848 1.100110
0.187609 0.751681 -0.875701 0.367108 1.100881
0.186327 0.378485 -0.874761 -0.383178 0.244402
0.187609 0.751681 -0.875701 -0.385127 0.000000
0.194188 0.537605 -0.850980 -0.550579 0.743989
0.635028 0.824831 -1.004560 -0.127318 0.014935
0.663915 0.448181 -1.036418 -0.947869 0.019009
0.201327 0.503886 -0.842126 -0.512915 0.186611
0.224199 0.569818 -0.828463 -0.462638 0.182072
0.704969 0.642355 -0.926339 -0.043051 0.049462
0.067964 0.817644 -0.762681 -0.320362 0.135458
0.243228 0.655279 -0.961193 -0.763959 0.197015
0.101511 0.558680 -0.992106 -0.673431 0.189508
0.520145 0.665448 -0.925759 -0.064870 0.074381
0.368200 0.634129 -0.973032 -0.352546 0.182406
0.596864 0.418215 -1.104950 0.097205 0.885232
0.566422 0.847957 -1.081593 -0.144800 0.906659
0.118251 0.868027 -1.397211 -0.161311 0.492829
-0.091700 0.309485 -0.991628 -0.660414 0.487645
0.118257 0.318823 -1.397238 -0.881888 0.453150
0.338672 0.423693 -0.775950 -0.660165 0.858404
0.339953 0.751681 -0.776891 -0.424479 0.882519
-0.103770 0.792678 -0.969255 -0.412064 0.524178
-0.416893 0.480305 -1.669930 0.026452 0.012178
-0.323403 0.438418 -1.715229 0.038082 0.049653
-0.404688 0.315149 -1.681707 -0.880459 0.003102
-0.479001 0.355478 -1.567979 -0.807931 0.006080
0.596864 0.418215 -1.104950 -0.902795 0.885232
0.566422 0.847957 -1.081593 0.087761 1.380799
0.118257 0.318823 -1.397238 0.118112 0.453150
0.338672 0.423693 -0.775950 0.543469 1.343684
0.339953 0.751681 -0.776891 0.367921 1.344455
-0.323403 0.438418 -1.715229 -0.961918 0.049653
0.596864 0.418215 -1.104950 0.121693 1.398379
0.338672 0.423693 -0.775950 -0.614874 0.214795
0.339953 0.751681 -0.776891 -0.616822 0.000000
0.635028 0.824831 -1.004560 -0.146720 0.844449
0.663915 0.448181 -1.036418 0.096634 0.828427
0.201327 0.503886 -0.842126 -0.576597 0.749362
-0.100915 0.273882 -1.264642 -0.773882 0.368637
0.224199 0.569818 -0.828463 -0.533720 0.774111
0.704969 0.642355 -0.926339 0.161595 0.965690
0.067964 0.817644 -0.762681 -0.409110 0.438907
0.243228 0.655279 -0.961193 -0.384992 0.062865
0.101511 0.558680 -0.992106 -0.531600 0.639038
0.520145 0.665448 -0.925759 -0.115302 1.009808
-0.240044 0.542745 -1.622796 -0.215074 0.855892
-0.209000 0.438418 -1.601198 -0.045822 0.888159
-0.238996 0.315149 -1.639723 0.154189 0.874601
-0.550338 0.437316 -1.491094 -0.519895 0.977170
-0.163390 0.854442 -2.309001 -0.219916 0.257796
-0.353737 0.896087 -2.592822 -0.320089 0.022831
-0.541856 0.575920 -1.627189 -0.455531 0.847629
-0.542577 0.238810 -1.615542 -0.637915 0.904972
-0.243577 0.373518 -2.592822 -0.815160 0.097152
-0.070590 0.372011 -2.305568 -0.923722 0.329179
-0.238996 0.315149 -1.639723 -0.845811 0.874601
-0.070590 0.372011 -2.305568 0.076278 0.329179
-0.503882 0.277680 -1.667550 -0.631676 0.852278
-0.215660 0.375396 -1.649567 0.056080 0.857655
-0.509865 0.291993 -1.660772 -0.621773 0.856565
-0.224069 0.511752 -1.595471 -0.156976 0.867597
-0.500651 0.501322 -1.610535 -0.438790 0.889508
-0.225055 0.883594 -2.457082 -0.348880 -0.044702
-0.162038 0.364521 -2.453155 -0.865678 0.210628
-0.440458 0.288513 -1.667539 -0.709036 0.858636
-0.301643 0.490495 -1.555526 -0.239932 0.897382
-0.393679 0.505323 -1.549408 -0.365441 0.912738
-0.191663 0.597286 -2.396783 -0.294522 0.239816
-0.503882 0.277680 -1.667550 -0.890495 0.002690
-0.215660 0.375396 -1.649567 -0.928226 0.142910
-0.509865 0.291993 -1.660772 -0.895890 0.002469
-0.500651 0.501322 -1.610535 -0.217028 0.024165
-0.440458 0.288513 -1.667539 -0.882295 0.003027
-0.393679 0.505323 -1.549408 -0.200140 0.083286
-0.392520 0.403657 -1.571104 -0.485560 0.042513
-0.163390 0.854442 -2.309001 -0.953760 -0.159716
-0.353737 0.896087 -2.592822 -0.042228 1.062342
-0.243577 0.373518 -2.592822 0.013136 1.060797
-0.163390 0.854442 -2.309001 0.074771 1.232427
-0.353737 0.896087 -2.592822 -0.401123 -0.053135
-0.243577 0.373518 -2.592822 -0.062484 0.017915
-0.070590 0.372011 -2.305568 -0.577303 -0.093837
-0.070590 0.372011 -2.305568 0.121669 1.233215
-0.225055 0.883594 -2.457082 0.032631 1.143195
-0.162038 0.364521 -2.453155 -0.012118 1.020679
-0.191663 0.597286 -2.396783 -0.483894 -0.077490
0.239890 0.937708 -2.313331 0.277126 1.224136
0.606042 0.980057 -2.584907 0.440731 1.053701
0.318981 0.395456 -2.299524 -0.896589 0.314834
0.689905 0.421980 -2.584908 0.482879 1.052525
0.239890 0.937708 -2.313331 -0.477823 0.356442
0.606042 0.980057 -2.584907 -0.513059 0.768177
0.318981 0.395456 -2.299524 0.317913 1.231431
0.689905 0.421980 -2.584908 -0.041854 1.044704
0.239890 0.937708 -2.313331 -0.964701 0.270051
0.606042 0.980057 -2.584907 -0.401640 1.005819
0.318981 0.395456 -2.299524 -0.544645 0.321900
0.689905 0.421980 -2.584908 -0.947620 0.793800
0.634523 0.700675 -2.579559 -0.728210 0.766780
0.194145 0.649664 -2.269239 -0.752168 0.204890
420 3 2
421 1 3
57 3 1
421 3 420
62 5 64
5 62 4
58 19 65
3 63 5
63 3 57
64 5 63
8 9 7
570 10 8
19 11 571
61 11 58
7 570 8
7 5 4
9 5 7
11 19 58
3 5 2
57 1 59
14 13 12
2 5 9
20 19 572
1 421 6
13 571 11
572 19 571
12 6 15
8 18 420
2 9 8
8 420 2
14 12 15
10 18 8
15 18 10
14 15 21
16 60 59
12 17 60
61 60 17
17 11 61
59 1 16
60 16 12
13 17 12
1 6 16
17 13 11
12 16 6
642 641 643
640 643 641
645 640 644
644 640 641
648 649 647
641 651 644
651 641 642
648 646 645
647 643 646
640 645 646
650 647 649
648 647 646
643 647 650
643 640 646
510 514 512
515 511 513
519 521 516
509 510 511
520 518 522
524 516 521
512 511 510
520 523 518
511 515 509
524 517 515
524 521 517
510 517 514
517 510 509
509 515 517
37 423 424
578 39 576
43 583 575
576 575 578
575 583 578
575 574 43
574 577 43
39 582 576
577 40 43
582 39 44
582 581 576
579 574 575
577 579 584
575 580 579
581 575 576
581 580 575
577 574 579
582 585 581
426 423 38
428 425 432
428 427 425
432 42 428
425 427 37
37 41 423
41 38 423
37 424 425
425 430 433
432 425 433
431 430 425
434 431 423
425 424 431
435 436 429
436 437 429
431 424 423
82 83 81
84 85 87
87 91 84
85 90 94
95 86 83
83 82 95
88 86 96
111 84 91
97 96 86
96 111 88
81 89 82
90 85 89
89 81 90
94 87 85
91 88 111
86 95 97
81 99 315
100 315 316
316 315 317
101 92 98
315 100 102
87 103 91
99 81 83
79 214 105
106 104 107
83 101 108
101 83 86
88 101 86
101 88 106
109 104 106
91 109 88
110 79 105
113 108 114
214 79 215
79 110 80
113 99 108
112 316 317
106 107 93
213 105 214
105 87 110
93 101 106
102 81 315
101 98 108
112 110 100
316 112 100
88 109 106
109 91 213
90 102 100
110 94 90
213 214 215
91 103 213
94 110 87
99 83 108
102 90 81
90 100 110
114 108 98
103 87 105
92 101 93
105 213 103
110 112 80
185 189 190
186 187 188
144 145 325
325 145 143
150 222 146
150 149 222
148 143 145
146 147 150
610 590 591
610 591 609
592 609 591
589 621 593
442 466 444
445 441 465
446 478 443
466 442 477
611 610 609
615 612 614
615 610 611
613 621 612
616 612 615
611 609 623
611 616 615
612 621 614
619 613 612
618 611 623
619 626 613
611 618 617
617 620 616
620 619 612
617 616 611
620 612 616
468 484 467
470 485 469
470 469 467
471 478 480
481 478 471
467 469 472
478 489 480
467 472 468
471 474 473
471 480 474
481 471 473
483 481 476
475 474 480
480 488 475
488 476 475
481 473 476
622 625 595
627 594 624
490 482 448
447 479 491
596 597 629
629 628 596
486 449 487
487 449 450
328 329 162
162 333 328
331 332 330
333 332 328
332 333 330
329 335 160
160 335 334
329 160 162
226 227 229
231 163 228
230 228 163
161 230 163
227 161 229
232 231 228
233 226 229
227 230 161
346 358 343
359 360 345
344 359 345
345 360 358
346 345 358
343 361 368
343 358 361
347 343 368
362 364 363
369 365 366
381 367 382
381 365 367
383 365 364
381 366 365
363 360 359
383 367 365
358 360 363
366 359 369
366 363 359
381 363 366
358 364 370
363 364 358
363 381 362
361 358 370
362 383 364
382 367 383
383 362 384
384 362 381
251 238 240
240 239 252
253 240 252
252 239 241
254 242 251
242 238 251
261 252 241
251 240 253
255 274 256
255 276 275
257 277 279
256 253 258
252 258 253
251 253 256
259 260 251
261 263 252
254 251 260
279 260 257
259 251 256
255 275 274
258 276 256
263 258 252
259 257 260
256 274 259
257 278 277
278 257 259
256 276 255
260 279 262
671 681 682
683 686 685
684 687 672
675 690 688
689 676 691
677 672 687
686 683 692
676 689 670
681 671 673
690 675 674
547 556 545
557 560 549
548 559 558
562 561 551
566 563 565
564 565 563
567 545 556
559 548 546
550 549 560
552 551 561
198 171 199
201 170 172
202 174 200
199 171 169
201 204 173
173 170 201
199 169 203
172 198 201
174 175 200
174 202 169
171 198 172
202 203 169
398 399 390
391 390 399
396 397 392
393 392 397
390 393 398
397 398 393
399 401 394
395 400 396
392 395 396
394 391 399
285 292 294
292 285 286
287 291 295
291 287 288
296 288 293
288 296 291
289 295 292
295 289 290
295 290 287
292 286 289
416 415 412
413 412 415
412 413 411
414 411 413
306 310 309
310 306 307
311 307 306
307 311 308
1 1
2 1
3 1
4 1
5 1
6 1
7 1
8 1
9 1
10 1
11 1
12 1
13 1
14 1
15 1
16 1
17 1
18 1
19 1
20 1
21 1
22 1
23 1
24 1
25 1
26 1
27 1
28 1
29 1
30 1
31 1
32 1
33 1
34 1
35 1
36 1
37 1
38 1
39 1
40 1
41 1
42 1
43 1
44 1
45 2
46 2
47 2
48 2
49 2
50 2
51 2
52 2
53 2
54 2
55 2
56 2
57 2
58 2
59 2
60 2
61 2
62 2
63 2
64 2
65 2
66 2
67 2
68 2
69 2
70 2
71 2
72 2
73 3
74 3
75 3
76 3
77 3
78 3
79 3
80 3
81 3
82 3
83 3
84 3
85 3
86 3
87 3
88 3
89 3
90 3
91 3
92 3
93 3
94 3
95 3
96 3
97 3
98 3
99 3
100 3
101 3
102 3
103 3
104 3
105 3
106 3
107 4
108 4
109 4
110 4
111 4
112 4
113 4
114 4
115 4
116 4
117 4
118 4
119 4
120 4
121 4
122 4
123 4
124 4
125 4
126 4
127 4
128 4
129 4
130 4
131 4
132 4
133 4
134 4
135 4
136 4
137 4
138 4
139 4
140 4
141 4
142 4
143 4
144 4
145 4
146 4
147 4
148 4
149 4
150 4
151 4
152 4
153 4
154 4
155 4
156 4
157 4
158 4
159 4
160 4
161 4
162 4
163 4
164 4
165 4
166 4
167 4
168 4
169 5
170 5
171 5
172 5
173 5
174 5
175 6
176 6
177 6
178 6
179 6
180 6
181 6
182 6
183 6
184 6
185 6
186 6
187 6
188 6
189 6
190 6
191 6
192 6
193 6
194 6
195 6
196 6
197 6
198 6
199 6
200 6
201 6
202 6
203 6
204 6
205 6
206 6
207 6
208 6
209 6
210 6
211 6
212 6
213 6
214 6
215 6
216 6
217 6
218 6
219 6
220 6
221 6
222 6
223 7
224 7
225 7
226 7
227 7
228 7
229 7
230 7
231 7
232 7
233 7
234 7
235 7
236 7
237 7
238 7
239 8
240 8
241 8
242 8
243 8
244 8
245 8
246 8
247 8
248 8
249 8
250 8
251 8
252 8
253 8
254 8
255 8
256 8
257 8
258 8
259 8
260 8
261 8
262 8
263 8
264 8
265 8
266 8
267 8
268 8
269 8
270 8
271 8
272 8
273 8
274 8
275 8
276 8
277 8
278 8
279 8
280 8
281 8
282 8
283 8
284 8
285 8
286 8
287 8
288 8
289 8
290 8
291 8
292 8
293 8
294 8
295 9
296 9
297 9
298 9
299 9
300 9
301 9
302 9
303 9
304 9
305 9
306 9
307 9
308 9
309 9
310 9
311 9
312 9
313 9
314 9
315 10
316 10
317 10
318 10
319 10
320 10
321 10
322 10
323 10
324 10
325 10
326 10
327 11
328 11
329 11
330 11
331 11
332 11
333 11
334 11
335 11
336 11
337 11
338 11
339 11
340 11
341 11
342 11
343 11
344 11
345 11
346 11
347 12
348 12
349 12
350 12
351 12
352 12
353 12
354 12
1 3
2 3
3 3
4 3
5 3
6 3
7 3
8 3
9 3
10 3
11 3
12 3
13 3
14 3
15 3
16 3
17 3
18 3
19 3
20 3
21 3
22 3
23 3
24 3
25 3
26 3
27 3
28 3
29 3
30 3
31 3
32 3
33 3
34 3
35 3
36 3
37 3
38 3
39 3
40 3
41 3
42 3
43 3
44 3
45 3
46 3
47 3
48 3
49 3
50 3
51 3
52 3
53 3
54 3
55 3
56 3
57 4
58 4
59 4
60 4
61 4
62 4
63 4
64 4
65 4
66 4
67 4
68 4
69 4
70 4
71 4
72 4
73 4
74 4
75 4
76 4
77 4
78 4
79 4
80 4
81 4
82 4
83 4
84 4
85 4
86 4
87 4
88 4
89 4
90 4
91 4
92 4
93 4
94 4
95 4
96 4
97 4
98 4
99 4
100 4
101 4
102 4
103 4
104 4
105 4
106 4
107 4
108 4
109 4
110 4
111 4
112 4
113 4
114 4
115 4
116 4
117 4
118 4
119 4
120 4
121 4
122 4
123 4
124 4
125 4
126 4
127 4
128 4
129 4
130 4
131 4
132 4
133 4
134 4
135 4
136 4
137 4
138 4
139 4
140 4
141 4
142 4
143 4
144 4
145 4
146 4
147 4
148 4
149 4
150 4
151 4
152 4
153 4
154 4
155 4
156 4
157 4
158 4
159 4
160 4
161 4
162 4
163 4
164 4
165 4
166 4
167 4
168 4
169 4
170 4
171 4
172 4
173 4
174 4
175 4
176 4
177 4
178 4
179 4
180 4
181 4
182 4
183 4
184 4
185 6
186 6
187 6
188 6
189 6
190 6
191 6
192 6
193 6
194 6
195 6
196 6
197 6
198 6
199 6
200 6
201 6
202 6
203 6
204 6
205 6
206 6
207 6
208 6
209 6
210 6
211 6
212 6
213 11
214 11
215 11
216 11
217 11
218 11
219 11
220 11
221 11
222 11
223 11
224 11
225 11
226 11
227 11
228 11
229 11
230 11
231 11
232 11
233 11
234 11
235 11
236 11
237 11
238 11
239 11
240 11
241 11
242 11
243 12
244 12
245 12
246 12
247 12
248 12
249 12
250 12
251 12
252 12
253 12
254 12
255 12
256 12
257 12
258 12
259 12
260 12
261 12
262 12
263 12
264 12
265 12
266 12
267 12
268 12
269 12
270 12
271 12
272 12
273 12
274 13
275 13
276 13
277 13
278 13
279 13
280 13
281 13
282 13
283 13
284 13
285 13
286 13
287 13
288 13
289 13
290 13
291 13
292 13
293 13
294 13
295 13
296 13
297 13
298 13
299 13
300 13
301 13
302 13
303 13
304 13
305 13
306 13
307 13
308 13
309 13
310 13
311 13
312 13
313 13
314 13
315 15
316 15
317 15
318 15
319 15
320 15
321 15
322 15
323 15
324 15
325 15
326 15
327 15
328 15
329 15
330 15
331 15
332 15
333 15
334 15
335 15
336 15
337 15
338 15
339 15
340 15
341 15
342 15
343 15
344 15
345 15
346 15
347 15
348 15
349 15
350 16
351 16
352 16
353 16
354 16
355 16
356 16
357 16
358 16
359 16
360 16
361 16
362 16
363 16
364 16
365 16
366 16
367 16
368 16
369 16
370 16
371 16
372 16
373 16
374 16
375 16
376 16
377 16
378 16
379 16
380 16
381 17
382 17
383 17
384 17
385 17
386 17
387 17
388 17
389 17
390 17
391 17
392 17
393 17
394 17
395 17
396 17
397 17
398 17
399 17
400 17
401 17
402 17
403 17
404 17
405 17
406 17
407 17
408 17
409 17
410 17
411 17
412 17
413 17
414 17
415 17
416 17
417 17
418 17
419 17
420 19
421 19
422 19
423 19
424 19
425 19
426 19
427 19
428 19
429 19
430 19
431 19
432 19
433 19
434 19
435 19
436 19
437 19
438 19
439 19
440 19
441 19
442 19
443 19
444 19
445 19
446 19
447 19
448 19
449 19
450 19
451 19
452 20
453 20
454 20
455 20
456 20
457 20
458 20
459 20
460 20
461 20
462 20
463 20
464 20
465 20
466 20
467 20
468 20
469 20
470 20
471 20
472 20
473 20
474 20
475 20
476 20
477 20
478 20
479 20
480 20
481 20
482 20
483 20
484 20
485 20
486 20
487 20
488 20
489 20
490 20
491 20
492 20
493 20
494 20
495 20
496 20
497 20
498 20
499 20
500 20
501 20
502 20
503 20
504 20
505 20
506 20
507 20
508 20
509 21
510 21
511 21
512 21
513 21
514 21
515 21
516 21
517 21
518 21
519 21
520 21
521 21
522 21
523 21
524 21
525 21
526 21
527 21
528 21
529 21
530 21
531 21
532 21
533 21
534 21
535 21
536 21
537 21
538 21
539 21
540 21
541 21
542 21
543 21
544 21
545 21
546 21
547 21
548 21
549 21
550 21
551 21
552 21
553 21
554 21
555 21
556 22
557 22
558 22
559 22
560 22
561 22
562 22
563 22
564 22
565 22
566 22
567 22
568 22
569 22
570 23
571 23
572 23
573 23
574 23
575 23
576 23
577 23
578 23
579 23
580 23
581 23
582 23
583 23
584 23
585 23
586 23
587 23
588 23
589 23
590 23
591 23
592 23
593 23
594 23
595 23
596 23
597 23
598 23
599 24
600 24
601 24
602 24
603 24
604 24
605 24
606 24
607 24
608 24
609 24
610 24
611 24
612 24
613 24
614 24
615 24
616 24
617 24
618 24
619 24
620 24
621 24
622 24
623 24
624 24
625 24
626 24
627 24
628 24
629 24
630 24
631 24
632 24
633 24
634 24
635 24
636 24
637 24
638 24
639 24
640 25
641 25
642 25
643 25
644 25
645 25
646 25
647 25
648 25
649 25
650 25
651 25
652 25
653 25
654 25
655 25
656 25
657 25
658 25
659 25
660 25
661 25
662 25
663 25
664 25
665 25
666 25
667 25
668 25
669 25
670 25
671 25
672 25
673 25
674 25
675 25
676 25
677 25
678 25
679 25
680 25
681 26
682 26
683 26
684 26
685 26
686 26
687 26
688 26
689 26
690 26
691 26
692 26
693 26
694 26
